250365
1936	1
0.65
0.68
0.63
2.41
2.99
1.58
0.16
2.49
0.12
0.07
0
1.7
0.99
0.2
0.67
1.43
1.32
2.85
2.1
2.42
4.65
1.2
0
0.8
0
0.43
1.17
4.97
3.23
1.4
3.33
1.41
2.4
0
0.26
0.27
1.02
1.24
3.53
1.14
3.62
3.56
0.6
0.9
0.21
1.51
0
0.62
0.51
0.02
1.23
2.44
0.9
2.11
1.77
1.26
0.66
1.42
1.11
0.92
0.76
0.88
1.45
2.82
2.69
4.27
2.71
2.09
3.08
2.43
0.21
0.7
0.21
1.49
1.07
4.99
6.95
3.14
0.78
1.46
1.69
1.1
0.45
0.14
0.02
0.1
0.69
2.16
1.77
2.41
3.57
0.89
0.12
0.87
0.24
0.15
1.08
0.34
0.73
1.34
1.9
3.97
5.01
2.37
1.05
0.23
1.77
0.18
0.15
0.24
0.53
1.64
1.34
3.5
3.39
3.73
2.66
0.49
0.3
0.36
0.08
0.18
1.64
1.09
4.58
1.77
1.5
2.58
2.77
2.48
0.84
0.06
0.59
0.04
0.03
1.6
1.65
6.24
1
0.84
2
0.61
0.81
0.31
0.26
0.11
0.54
0.66
1.41
3.78
1.58
2.27
1.13
0.99
0.16
0.49
0.31
0.01
0.96
0.42
4.2
3.9
2.81
2.09
1.23
2.9
0
0.17
0.28
0.21
0.44
0.27
1.6
1.04
4.89
3.76
1.8
0.3
0.27
0.03
0.02
0
0.26
0.86
3.39
6.58
5.66
1.88
2.33
1.52
0.26
0.47
0.35
0.49
0.48
0.68
3.97
1.28
1.15
0.78
0.78
0.3
0.56
0.11
0.16
0.41
0.37
2.77
1.42
2.88
4.33
1.69
0
1.47
0.71
0.13
0
0
0.61
0.88
3.16
4.37
0.84
3.08
2.61
0.79
0.11
0.2
0.37
0.41
0.06
0.29
6.43
2.92
2.49
1.63
1.58
0.64
1.03
0.21
0.14
0.17
0.08
1.19
1.73
3.31
3.63
2.97
0.04
0.67
0.69
0.22
0.21
0.18
0.42
2.04
6.3
3.87
2.88
1.7
1.48
3.3
0.19
0.19
0.09
0.19
0.8
2.08
3
4.46
7.14
1.71
0.76
0.39
0.18
0.34
0.41
0.32
0.66
0.24
3.61
4.61
1.92
2.37
1.91
1.41
0.02
0.01
0.31
1.51
0.42
2.97
3.49
1.7
1.84
2.31
1.1
1.31
0.23
0.31
0
0.46
1.12
1.83
5.49
1.06
4.31
1.23
2.95
0.7
0.22
0.09
0.05
0.15
0.63
0.72
5.94
6.97
4.13
0.42
1.93
1.23
0.09
0.37
0.68
0.23
0.67
0.76
0.7
4.14
2.23
4.21
5.03
1.14
0.3
0.36
0
0.29
0.45
2.94
3.16
4.06
2.49
0.76
2.3
0.03
0.17
0.18
0.58
0.26
0.21
1.18
3.11
5.49
6.77
1.82
3.4
1.16
0.1
0.64
0.37
0.12
1.34
0.69
0.8
4.9
4.25
1.99
2.71
0.12
0.1
0.23
0.13
0.01
0.21
1.16
3.88
6.64
4.11
1.3
0.52
0.36
0.33
0.64
0
0.35
0.28
1.13
2.86
1.67
2.47
6.54
0.27
0.54
1.39
0.48
0.56
0.3
0.21
1.14
4.12
2.98
6.81
1.32
0.88
2.15
0.17
0.07
0.52
0
0.6
2.02
0.97
3.82
3.25
0.51
0.83
0.58
0.36
0.29
0.09
0.31
1
3.21
4.51
1.97
3.13
2.56
2.91
1.65
0.45
0.3
0.31
0.01
0.25
1.91
2.7
3.57
4.14
0.51
1.81
0.63
2.4
0.45
0.67
0.05
1.6
1.49
4.03
2.44
2.7
1.55
6.24
1.59
0.65
1.59
0.31
0.26
0.59
1.62
1.24
3.75
0.91
2.15
0.6
0.4
0
0.12
0.14
0.2
1.89
1
4.98
2.78
1.3
2.6
0.34
0.27
1.15
0.18
1.33
0.2
0.33
3.29
2.59
1.01
1.95
1.41
0.96
1.23
0.07
0.3
0.16
0.21
2.4
3.82
4.09
4.34
1.87
3.31
0.21
0.4
0.48
0.18
0.54
1.13
0.05
1.86
2.69
1.41
3.3
2.93
0.09
0.36
0.72
1.15
0.73
0
1.42
2.22
2.67
3.32
5.57
1.81
1.14
0.97
1.48
0.05
0.23
0.85
3.52
1.86
1.91
3.32
0.75
3
0.61
0.23
0.13
0.04
0.45
0.2
1.02
1.65
6.65
1.95
6.67
1.59
0.72
1.79
0.2
0.5
0.24
0.13
1.01
1.47
3.96
2.01
2.48
1.29
1.66
0.91
0.8
0.36
0.12
0.07
1.36
0.88
4.85
5.21
3.68
1.65
0.51
0.71
0.95
0.55
0.16
0.28
0.26
2.81
2.56
1.55
2.24
1.54
0.43
1.23
0.65
0.75
0.18
0.07
0.23
1.41
4.65
0.98
2.55
2.67
3.09
0.56
0.52
0.79
0
1.1
0.78
3.45
2.28
2.63
2
1.56
3.54
1.29
0.17
0.14
0
1.79
1.55
0.7
4.5
3.14
3.16
2.95
1.22
0.68
1.76
1.28
0.89
0.11
0.25
2.37
6.59
1.43
4.59
1.85
1.42
0.32
0.21
0
0.06
0.56
0.58
0.1
0.83
1.08
0.7
2.21
3.27
0
0
0.25
0.36
0.06
3.27
1.54
5.45
2.07
2.59
1.86
1.4
0.63
1.4
0.12
0.09
0.38
1
0.59
3.84
2.69
3.5
1.58
1.08
1.16
1.26
0.12
0.8
0.7
3.34
0
0.98
4.28
4.67
2.43
1.29
1.02
0.26
0.12
0.66
1.32
2.07
2.18
2.52
4.35
7.52
2.8
1.31
1.88
1.11
0.25
0.84
0.36
0.29
1.11
1.13
2.62
6.54
0.42
0.96
4.17
0.53
0.59
0.35
0.17
1.23
2.85
5.15
3.15
3.25
1.7
1.65
2.22
0.1
0
0.06
0
0.24
0.85
4
1.75
1.04
3.75
3.66
1.15
0.43
0.1
0
0.37
0.09
0.85
1.73
2.53
1.39
2.2
2.88
2.15
0.01
0.5
0.3
0.2
1.07
0.86
5
3.39
3.91
1.55
0.66
2.4
2.13
0.03
0.06
0.25
0.6
4.88
1.9
3
2.28
3.08
1.85
0
0.25
0
0.34
0.37
1.75
0.5
3.1
1.51
1.33
0.54
1.79
3.7
0.32
0.04
0.37
0.27
0.23
3.45
2.44
1.27
5.38
2.07
4.97
0.52
0.93
0
0.14
0
0.46
1.62
0.72
0.94
2.01
3.56
1.22
1.23
0.05
0.13
0.3
0.59
0.9
2.03
3.47
2.77
3.17
0.69
0.69
0.59
0.27
0.1
0.16
0.42
1.23
2.99
1.74
3.35
4.81
1.18
3.36
1.64
0.65
0.02
0.47
0.22
0.85
2.77
1.48
7.18
1.5
3.39
0.1
1.36
0.33
0.44
0.5
0.32
1.18
1.72
0.78
3.4
1.49
3.04
2.91
0.81
0
1.2
0.48
0.41
2.46
3.96
4.15
4.17
3.35
4.63
1
1.68
0.03
0.85
0.01
0
0.25
3.17
4.65
2.42
2.39
1.38
2.74
1.96
0.5
0.13
0.8
1
0.83
3.97
3.12
6.78
4.26
3.46
2.25
1.5
0.09
0.5
